"","V1","V2","V3","V4","V5","V6","V7","V8","V9","V10","V11","V12","V13"
"1",0.316236481810932,0.501920082020513,0.730972296804188,0.682945020760557,0.516354660123869,0.668317416029162,0.518136617421572,0.807221028351226,0.244230105002504,0.446810384286105,0.664377665633036,0.731638810994583,0.620918567957854
"2",0.315612312948021,0.48067535540873,0.682253866547503,0.642359686061751,0.499421882191923,0.627591216133816,0.496050387416991,0.754498102270725,0.250900797426279,0.424815506522467,0.625946804645969,0.686113014582326,0.574755374019845
"3",0.31737901218861,0.442451289530329,0.587550230175284,0.563118874132748,0.465684324499036,0.552458234730974,0.45409697673428,0.649872600177553,0.267632995952582,0.386668323215174,0.552345870433661,0.59820629467474,0.493969363572994
"4",0.325065706869163,0.394655224482778,0.460493766784254,0.454766142464177,0.412965080889943,0.453917499212608,0.398882289252326,0.502721054145461,0.299172491688016,0.348559717163743,0.452875161916719,0.477375830115067,0.407867404329846
"5",0.344954033503355,0.344954033503356,0.344954033503356,0.344954033503356,0.344954033503356,0.344954033503356,0.344954033503357,0.344954033503356,0.344954033503356,0.344954033503356,0.344954033503356,0.344954033503356,0.344954033503355
"6",0.391558621715319,0.316156017904279,0.273152804872425,0.272145351829297,0.276921097665674,0.241322726084345,0.317874328575532,0.202715371625062,0.414554259115843,0.416265669919878,0.247061549132007,0.21325320337271,0.305815523290532
"7",0.462642577076618,0.365717651635526,0.241246822975932,0.245292381658203,0.242735755349412,0.157399669509812,0.328228373386362,0.0594233162809259,0.551234903226887,0.580444932465743,0.166975143847964,0.0721724417529724,0.246562685740648
"8",0.529949632102968,0.538113943193826,0.316703343692909,0.252324415936395,0.313389291562559,0.114347921648448,0.386296530272899,-0.0382397928272399,0.799903134410041,0.841635006822946,0.113297568247869,-0.0730903611388489,0.174417092089448
"9",0.589153806198545,0.867840533805076,0.493172641956492,0.281380194019369,0.45552861661457,0.132268416996548,0.517556146264994,-0.00752521332572459,1.09456794208509,1.19592417057819,0.059772969330255,-0.204071907139058,0.164574392809387
"10",0.725138182061571,1.378381145868,0.815781408650259,0.324166437710665,0.649337848014821,0.196806806769097,0.761686923490488,0.128113964416445,1.37654326113902,1.64549165836797,-0.021462647110066,-0.260587170257916,0.193781373433834
"11",0.907769651035614,2.00704264014092,1.25411484233394,0.437632821604635,0.88045521873938,0.264253446424963,1.15211748988681,0.274912863807846,1.70736339590743,2.14576853801793,-0.0764264338657187,-0.265872584157561,0.230426588500535
"12",1.07577819929425,2.66274949797453,1.8382330609749,0.693655271573076,1.18791805496187,0.404982294705768,1.67549572559211,0.488602274565967,2.12021411606739,2.69269816947878,-0.0546396689607442,-0.316521606745927,0.325690243825611
"13",1.26015812224698,3.30125244470915,2.53254230599811,1.00771254507788,1.60683794909887,0.652534960354259,2.2477796948141,0.774583141070591,2.55167280716712,3.26523952515716,0.0097406501276912,-0.384971350890908,0.513694310484197
"14",1.39258622928582,4.03745591344094,3.07332696040631,1.32506644949205,2.01459827555212,1.00201066120408,2.94197304939819,1.0858968637684,3.07013730412849,3.9169691955817,0.129626342951144,-0.394091492393175,0.768369772637632
"15",1.50732666708224,4.75993674927302,3.75724388114308,1.71280480455245,2.35313476793323,1.35853522688134,3.65250459293917,1.40965287396801,3.49720951300068,4.61307924640639,0.268113894287756,-0.42403278414819,1.13094020878087
"16",1.5961154841065,5.5818920348969,4.48405828833693,2.20274239287855,2.65712541403936,1.62935130375469,4.35281853332671,1.76497203834725,3.96764299359389,5.18199457127928,0.477426344330666,-0.584457173249796,1.47211565899516
"17",1.73566142398475,6.51698806734426,5.00670228622941,2.64968443957371,2.91744593918822,1.69834563078834,5.06698854721722,2.1401024529436,4.46345975013776,5.75388454054704,0.771176386992316,-0.603156109086364,1.82417580016412
"18",1.93541883776337,7.21533183491921,5.51113873482433,3.08087507291185,3.24315869027364,1.76525988660957,5.84838114967142,2.52940206426383,4.90621662583352,6.27316750508611,1.04669743617173,-0.498188971515765,2.22754864271734
"19",2.19898396186058,8.24414014975391,5.85528757920728,3.60702059138673,3.64183166637019,1.86218410413443,6.70654657167491,2.88561951241403,5.36284755104334,6.69338057002694,1.27226957696249,-0.393188992032714,2.65807775133599
"20",2.48634610428202,9.42851242049233,6.11544502431095,4.13252518111513,4.19333824362259,2.13190467324923,7.38943468377813,3.31835350961037,5.88914618502038,7.02167644887074,1.49493468446195,-0.234014920998824,3.05670537493526
"21",2.7415436099218,10.5741116775947,6.28870299767869,4.68790765338048,4.71472076886123,2.24883069645279,7.88540919821696,3.74559346392164,6.35260167902123,7.33478464372568,1.74977528318354,-0.137054072396119,3.43911048499251
