"","V1","V2","V3","V4","V5","V6","V7","V8","V9","V10","V11","V12","V13"
"1",0.33088502835196,0.276715401276418,0.323489492600962,0.925857754859498,0.789067720796617,-0.529896683724634,0.00202279476838477,0.0129356167516613,-0.0143996002768837,0.798056528421257,0.931282674660003,0.883461790046402,0.0980265126663307
"2",0.331867320087491,0.282440541924337,0.328159960580745,0.859918372910624,0.748704243709982,-0.447657468049543,0.0449984232603179,0.0479395690239921,0.0140466571896166,0.761010069161903,0.878920213793064,0.834503337646441,0.123832202281266
"3",0.334187353752642,0.294417489597171,0.337466117738562,0.731715821607597,0.662819107448801,-0.276352873676672,0.125624523826192,0.119140614477298,0.0773012229560933,0.686606739987055,0.772773506184428,0.742384066186885,0.175334040036725
"4",0.337392053636017,0.315128338289478,0.349352933145491,0.552496417446869,0.525343244225388,-0.00821738017077628,0.23138758542834,0.225705730208152,0.184959084768234,0.5608474871263,0.604088675934095,0.598486909259157,0.250958521330662
"5",0.34473068152849,0.34473068152849,0.344730681528489,0.34473068152849,0.34473068152849,0.34473068152849,0.344730681528489,0.34473068152849,0.34473068152849,0.344730681528489,0.344730681528489,0.344730681528489,0.34473068152849
"6",0.363886980015543,0.378973012276892,0.315597497311457,0.139581623159156,0.125326388086802,0.738275991891043,0.469778640342248,0.426863696328252,0.548076712468647,0.0357491969503168,-0.0139220824748362,-0.0286262470059601,0.422794294111871
"7",0.403873905227398,0.433006163992399,0.297759533919165,-0.0510202224445999,-0.150355658673142,1.14175704850623,0.623804131694868,0.485721652202222,0.76719344177079,-0.298037115487976,-0.389465494699257,-0.375516740989246,0.45186380933308
"8",0.463670762803041,0.4750797299266,0.337570167386875,-0.238015130892255,-0.428210965977387,1.5619791762311,0.784927298367123,0.557188994254901,0.947991369793314,-0.629360610476404,-0.709161291874919,-0.694988807473324,0.422238021071736
"9",0.491667106205604,0.468645719221478,0.452873127910411,-0.373063588853836,-0.713533324807352,2.01415333694549,0.907112362314256,0.855427744806764,1.10278986855596,-0.989362377092287,-1.01725996792042,-1.09330562124357,0.35331428065621
"10",0.503790438763491,0.473535179619216,0.559995843999187,-0.466442819930406,-1.05819242362651,2.44865367739245,1.0102699327344,1.28584496478721,1.37044564992076,-1.31159487149779,-1.43666445121901,-1.43239139613251,0.237859332428104
"11",0.586597619959911,0.502237816228844,0.707934179577392,-0.514527694296698,-1.36536085700487,2.98088577092186,1.07620071764573,1.73560109111822,1.75062004023431,-1.57763733634444,-1.90263714214295,-1.70882217213829,0.0415383172650774
"12",0.65242915192112,0.417547084553901,0.983491959748816,-0.488195897189442,-1.55624064320166,3.67369966975742,1.14789472282977,2.27382347428199,2.16586539451265,-1.76625913014224,-2.27501029884563,-1.99500144897738,-0.303372011854263
"13",0.711830588931731,0.321453606660666,1.25071558484332,-0.401514008209601,-1.47966945672704,4.45887441764504,1.23711079713064,2.68550567748266,2.59786256959282,-1.73343061026617,-2.52603143806911,-2.21772005175958,-0.670261702273812
"14",0.758663822224836,0.236627800892957,1.48442095458623,-0.273326722645548,-1.47128964557957,5.027492514011,1.34521805876895,3.03619576605148,3.01316309159282,-1.55884856374271,-2.53872892392892,-2.37236001528175,-1.05691250700292
"15",0.84388420058648,0.274825913765973,1.74379570834954,-0.133116056492096,-1.30169622249609,5.51875489779842,1.51045264412114,3.38745243996496,3.29732254541105,-1.28866165696205,-2.26799145010287,-2.49149772007441,-1.59119046819148
"16",1.0245932632097,0.377255885366654,2.03630877969968,0.0374007309435154,-1.02677752907044,5.96411266280094,1.69507192820028,3.69844794931911,3.5632525593808,-1.03889554487966,-1.84622105746138,-2.71240518103511,-2.21236916860416
"17",1.31297429495991,0.441363219557003,2.34597637080087,0.134520630223642,-0.701837406094917,6.33466389309071,1.77319574979552,3.82754700956389,3.87085103125617,-0.854106341195961,-1.36418273357085,-2.83730812180653,-2.78239135325247
"18",1.79429954426205,0.483449487391192,2.55649090201052,0.239438964385426,-0.311415729830536,6.7251421051375,1.83920384882542,4.11243371581983,4.1684070519829,-0.653814342461783,-0.883668444193106,-2.75763256502177,-3.27585903343824
"19",2.28272225528855,0.606706700444205,2.72330804434284,0.353568249500776,-0.061093305470856,7.01814945164022,1.90868722050669,4.30918899486449,4.43327013324212,-0.597120005610648,-0.430434257891677,-2.5824172739284,-3.54394184943526
"20",2.75718650723199,0.687810629906128,3.00466892359247,0.583717479398025,0.168936335612337,7.31661374432778,1.98906142119289,4.40354995536364,4.72161563912483,-0.671290047826007,-0.019215302039323,-2.59176080989012,-3.93414866001834
"21",3.16889192524043,0.754452007430102,3.30255982489973,0.935942531225277,0.30320333895767,7.69409270835719,2.20880205921416,4.5377084070424,4.95187765930103,-0.819241297998532,0.360646710688137,-2.61545433526414,-4.44779568821477
