"","V1","V2","V3","V4","V5","V6","V7","V8","V9","V10","V11","V12","V13"
"1",0.171024355423485,0.0712576269899462,-0.0135890394548432,0.384032313059423,0.256248675499915,0.333546102929161,1.00043624889641,0.167581416061778,0.443121807997527,-0.171939650813962,-0.0582732503263845,0.197451930770186,0.666526470918003
"2",0.191785417359264,0.105081080110561,0.0182864377994297,0.378153557459407,0.264331098343779,0.340307806186639,0.930582791937383,0.190109153857811,0.445123150662886,-0.116320438222402,-0.0179249773151825,0.213277606229268,0.637432066174057
"3",0.230723182291557,0.16800308935602,0.0810909486268196,0.369579623847521,0.282035627866816,0.35396426772838,0.794571702617339,0.228139045863978,0.444987624948226,-0.00937495791641787,0.0643744591261556,0.246325206488342,0.576489195820204
"4",0.284749387582265,0.252716723568539,0.182815472402399,0.360429077477212,0.312701276373887,0.365927719732888,0.596664536759496,0.275201775492028,0.424164470341062,0.149970537512471,0.189026870114122,0.294606959474876,0.480972273006439
"5",0.344254669313219,0.344254669313218,0.344254669313219,0.344254669313219,0.344254669313217,0.344254669313218,0.344254669313218,0.344254669313219,0.344254669313219,0.344254669313219,0.344254669313219,0.344254669313219,0.344254669313218
"6",0.37821606629164,0.419633807302603,0.553979896479897,0.306117391539448,0.371541590615466,0.240245104719425,0.0354005981912174,0.444867054041753,0.178349950048583,0.538174813999604,0.50055903492154,0.380262878155751,0.152395642368036
"7",0.384814560931663,0.48446193244089,0.825359445102578,0.278557711431408,0.384342311814377,0.0584647043221976,-0.342073166636616,0.588457140593409,-0.0750563448856239,0.787880242867815,0.632061599665263,0.421885027942835,-0.0829942261406844
"8",0.386970375827094,0.546829425539841,1.18688984446163,0.302801189859178,0.346779728254304,-0.152555414895207,-0.816025721585081,0.818219534364902,-0.390209724694914,1.11802847637261,0.749591905583586,0.458604517367844,-0.342995794884942
"9",0.357505752489571,0.614885745909176,1.72976942738827,0.29193820839764,0.326714519011669,-0.447108601656704,-1.44812464997727,1.07181617175253,-0.692641331093535,1.40053101355682,0.862316624981099,0.398051853795575,-0.547613046446186
"10",0.307567683932199,0.587568942347434,2.42695859086292,0.136437574974297,0.426654837485717,-0.940853702401421,-2.00517926633976,1.3368079591657,-0.924494766333764,1.72306951054052,1.00498589611744,0.256565174555746,-0.670038021858675
"11",0.223282806529224,0.444291199691272,3.05669219598342,-0.15646970088059,0.473744245731436,-1.44393257828155,-2.44859862313513,1.56891690277019,-1.19084113852527,2.24148184125178,1.14445632598122,-0.0476643009636164,-0.893130297962799
"12",0.123740759336219,0.235678875991099,3.56553121757769,-0.489708160363781,0.372974634111078,-2.19512663254978,-2.91501122505713,1.47024003531396,-1.47483538521502,2.69041774028817,1.2904146579676,-0.40403413138856,-1.23089902827194
"13",0.0965061469744801,-0.1050216288061,3.89570222520687,-0.860315823973458,0.132694777568007,-2.89060575137299,-3.46947943267782,1.12576554040995,-1.50340910991306,2.90329300497417,1.44533885635804,-0.848886798062394,-1.44835866918515
"14",0.252213718983835,-0.56031687474654,4.16273011305591,-1.16970895931273,-0.185279446603659,-3.42287036525996,-4.04616759661006,0.849129622834382,-1.51844061805073,2.89269857648892,1.56657190390665,-1.47294666474785,-1.69462156343099
"15",0.486406398445442,-0.894124154719947,4.38606365219298,-1.29419947068159,-0.418164656673,-3.78040522314252,-4.63085793879329,0.67054748579532,-1.63603706645798,2.88749628508651,1.62331656033019,-1.90818946931143,-2.27394642897418
"16",0.618946595575555,-1.03780858474319,4.56028062626338,-1.30039627536698,-0.706639237049874,-4.11526395316954,-5.40506527576304,0.642011762828269,-1.77869895956643,2.7731127706309,1.49647671315422,-2.0573290091424,-2.92674431822779
"17",0.694038134053416,-0.832596845083226,4.66978715110955,-1.32692195547654,-1.04162109932992,-4.41484098108334,-6.33185571215693,0.658418721893375,-2.03177770752495,2.69642512599912,1.17787649896159,-2.02704257993256,-3.71149298306533
"18",1.03420424945089,-0.423107418202329,4.65444184641868,-1.28971488254021,-1.35207348881939,-4.70013275328037,-7.4454204705234,0.666935656346386,-2.40245734123729,2.52407369682907,0.873910904184273,-2.08242516918395,-4.32177408033266
"19",1.31005864298706,-0.223168300994439,4.44202548491487,-1.2667831838127,-1.66292398407638,-4.75417409747553,-8.23509122995374,0.694133033080636,-2.84268810683747,2.35700043402403,0.401180364811378,-2.25352499143394,-4.77590857654015
"20",1.53314826057342,-0.103605180972776,4.3146800224132,-1.14415173279945,-1.84350831451033,-4.69859563686832,-9.04807493119695,0.631505208979821,-3.26789399943385,2.09448716829817,-0.183202625463655,-2.35228706498955,-5.06967621481397
"21",1.77320405775581,-0.0406811588563543,4.2875277466428,-1.17244951014166,-1.73441672145421,-4.59812682649909,-10.058283661531,0.686656571019854,-3.63395699889897,1.84797226493353,-0.661456660760622,-2.47051177608666,-5.51660692947999
